103 144
59 166
-86 -188
341 133
-285 217
-43 -297
135 346
-103 -433
-25 262
133 -413
178 -243
269 396
301 -28
-396 108
-467 6
64 115
-10 -31
341 332
-296 -432
470 293
433 -480
-13 219
-219 352
416 -235
241 -433
185 -430
138 211
137 -24
301 -352
-119 -390
-78 451
471 400
-418 -423
-47 -205
387 -364
-337 -25
-123 197
-492 8
200 -403
130 -218
69 -124
56 495
-494 410
45 468
-155 -103
135 436
-269 -341
181 35
79 36
355 90
-479 407
437 265
141 249
-197 -40
-133 -17
-334 -353
302 373
491 -211
-157 67
445 183
227 471
-420 38
-17 459
75 85
-300 303
-284 46
359 225
-205 -325
434 -136
45 441
-420 295
-31 -468
-346 450
144 190
-319 324
159 319
387 -281
-192 -482
-437 464
148 -40
469 185
435 449
24 196
184 234
-143 -83
-387 53
377 172
-149 -258
425 317
-115 75
467 -54
261 310
68 -346
31 307
162 -56
320 -411
-128 461
-497 -165
348 -236
309 -264
357 329
-200 176
117 174
335 -156
-190 443
113 36
397 361
-445 26
403 -367
-335 -225
-412 -24
-418 79
318 262
-270 -53
134 182
46 396
-338 328
-480 345
-492 -454
308 348
-499 -236
28 -481
480 49
124 243
224 133
-341 -442
7 444
-78 -143
462 -82
-458 77
284 -22
144 476
465 127
98 389
354 -337
7 145
90 328
134 249
431 292
-29 -169
146 -268
491 140
-61 -270
328 -28
31 -35
481 255
-349 -198
255 -309
-151 -177
354 -26
-385 -135
-287 2
423 486
-190 8
327 256
-26 297
-497 278
372 -375
121 57
-88 83
243 -88
-50 210
-209 234
-157 443
482 -303
488 240
225 -481
416 397
428 364
183 -139
-133 -431
437 308
351 147
482 117
-497 93
-349 -439
45 44
262 -60
127 457
-338 396
319 109
-397 -187
188 431
119 -350
-404 388
461 -329
-475 415
83 303
398 232
-86 215
-25 156
-270 -372
-128 496
-463 410
429 34
-201 67
-131 52
-307 393
268 -81
-422 311
339 -483
-14 -140
414 -403
325 -85
418 -203
-391 9
-28 182
-455 406
224 29
-127 -186
62 102
-118 87
-293 442
-149 476
232 -452
47 178
-377 -427
140 -301
476 135
330 271
-92 291
310 355
207 -56
-152 428
-441 401
-5 65
-284 -215
108 365
104 114
-391 158
9 -397
-97 -189
197 53
-260 464
-181 -43
-336 453
-416 -72
-50 -308
229 -314
122 55
373 -466
-292 252
-220 385
-363 70
-278 -24
74 305
153 268
-304 448
56 -75
123 188
-327 356
141 185
458 -64
-287 -210
-251 474
-438 -496
-254 80
-55 -354
-54 439
395 -297
156 21
306 -255
-123 -106
-62 -319
-227 265
-155 -388
-273 -414
-85 -28
208 358
-160 -442
135 -266
452 -170
-383 243
-186 -95
98 469
41 184
385 -40
-455 177
117 99
-18 453
-110 247
195 8
-474 427
-271 414
279 -63
356 76
101 3
189 -330
-92 229
121 -130
479 101
-81 205
325 470
307 -211
231 53
457 190
-238 -149
-384 162
18 -454
262 -69
-201 -285
23 -197
69 -347
417 431
-495 -452
73 206
215 353
214 -419
-416 -447
417 -145
174 137
238 88
455 371
-436 0
421 -319
28 -256
59 420
-253 118
442 212
134 -3
264 315
-38 416
409 317
147 390
-279 -319
-424 -372
308 137
30 328
-486 -209
58 39
412 249
-366 79
-228 -479
412 -268
80 66
237 283
196 -305
-314 298
-323 426
47 -60
-272 36
-70 -385
239 487
-90 -249
183 -93
260 220
481 455
-66 -102
456 228
-35 -478
-211 370
105 335
-311 60
-287 33
82 45
-104 -306
284 -213
168 -49
231 -311
352 258
160 188
-310 433
424 426
-60 -34
-42 367
-61 -431
26 -414
-370 -435
-231 186
-243 489
247 -147
-449 438
484 -116
-283 -409
188 235
54 364
107 101
78 263
-139 172
-304 -226
353 -8
-139 -15
230 293
96 449
94 -48
-434 354
24 -318
-198 384
302 327
363 283
438 -216
165 94
-492 455
25 -204
430 177
156 -235
448 210
277 341
261 276
-143 471
-251 312
175 122
342 -340
336 318
-373 324
-78 -386
-95 139
369 -35
-436 -74
-84 104
-52 -303
474 201
40 300
54 162
-467 320
450 -454
-495 -457
200 174
68 -111
235 476
-209 243
-110 238
223 434
338 250
491 21
183 -64
269 402
220 -289
-54 -256
180 456
461 -472
493 99
-75 35
37 200
86 -130
16 409
-332 -59
153 103
-78 452
-62 321
74 261
163 75
159 383
284 442
34 379
123 414
420 415
167 -248
243 414
154 220
12 332
31 430
-139 444
-364 -216
-150 370
468 -275
310 173
335 -110
-422 -481
304 207
144 18
-71 85
-72 412
342 18
84 -256
120 452
-287 -487
-206 -496
-230 -44
25 41
-280 -357
101 130
-39 -181
-433 -453
-434 -486
-219 -366
-13 95
475 436
123 384
342 453
-377 -481
31 271
-389 -438
489 284
459 438
-148 -305
91 258
-91 -320
224 -241
205 -482
318 172
-305 -137
182 175
418 61
377 -387
-96 -412
240 472
-461 21
-428 -411
169 -202
-453 -10
-303 80
-473 -44
176 250
-19 446
403 186
-249 184
-455 -188
384 342
-72 304
286 230
-221 471
-315 -258
173 412
367 168
297 -91
359 -6
382 -137
397 288
-24 -221
-246 483
-411 144
-270 129
441 -215
438 -109
-473 -40
199 482
-266 68
-225 -444
-350 277
120 227
-476 369
-53 7
-85 -333
-282 396
-98 -494
-36 213
263 233
366 125
-409 334
-469 -148
390 -361
-48 -126
390 -159
70 116
-99 409
-275 -417
256 -361
76 -76
-346 288
184 366
-331 -216
-362 101
-313 296
25 -50
367 -41
241 49
-10 424
-219 106
-213 -119
209 493
-460 258
-197 18
-396 69
-36 336
-476 -92
-43 -309
333 482
252 263
-290 40
63 249
-404 482
321 -391
218 -204
367 -12
83 -145
69 -56
197 213
253 219
231 -136
237 -215
-258 -292
-250 -489
417 275
391 377
493 -401
448 -447
-398 -287
352 356
192 409
421 162
26 415
243 420
-98 235
-424 -173
408 241
268 115
-238 417
276 135
153 31
-390 196
390 -130
371 116
463 -225
-161 142
-89 298
25 322
-116 -249
115 188
-43 85
28 -364
-225 189
-328 258
488 282
-116 -257
241 73
469 436
347 348
-328 -44
-372 418
-469 426
-58 -161
170 325
17 15
-276 47
92 397
338 -68
-338 -444
7 456
-56 332
-295 250
-416 -188
-281 261
258 -326
-444 365
-232 -368
-444 127
329 207
-266 329
451 47
464 340
-341 -346
-311 137
79 340
-296 -51
388 259
192 497
-161 68
164 -139
313 231
-309 -293
130 -53
351 217
-140 -109
403 463
341 -306
296 388
292 -166
-207 365
127 -246
-63 -283
439 163
428 -249
467 379
37 -305
-163 -95
56 302
24 336
47 -325
236 458
51 -125
376 49
27 288
495 -256
323 184
-302 -407
258 -328
252 484
64 22
394 -216
210 -88
221 258
-447 26
121 437
71 403
-203 -373
-451 -165
248 246
98 448
-202 140
118 441
212 234
78 263
236 484
374 259
173 -177
-353 -348
363 21
214 101
-485 220
83 177
381 -25
445 -215
-318 3
-207 115
296 15
447 3
-16 -277
358 204
-400 493
415 -10
116 -314
-367 -272
-265 284
390 222
138 46
392 156
-106 -311
492 408
452 234
-176 -134
-233 152
191 441
45 -144
436 -365
-288 -204
182 384
-69 212
-425 -286
-137 394
-407 146
392 439
339 434
-36 -443
127 -243
279 -332
-344 192
-248 387
0 53
37 102
229 298
382 -242
60 -11
-169 -452
-407 324
-100 469
-184 407
-172 -316
-267 -45
298 192
113 341
130 102
240 306
87 461
418 -453
230 124
294 -48
194 268
353 276
-143 -189
5 213
-450 439
-473 483
-70 33
342 -117
227 40
-23 -342
394 -185
-301 -285
-2 455
135 1
-71 -120
92 486
320 371
117 -74
-411 -112
226 415
-73 -60
205 -168
393 495
469 70
426 -493
-17 -199
47 237
-358 -443
262 67
-118 -310
283 -115
240 -69
-207 486
67 324
-237 -37
66 -378
-241 -152
-90 404
-437 -78
-48 115
410 299
63 107
115 117
168 287
-433 494
-364 -82
43 106
-473 267
358 99
292 7
177 -369
-78 -261
65 299
215 -308
260 120
338 -309
80 326
-337 336
299 -318
222 442
178 148
-33 -22
24 366
78 419
-259 489
-37 -472
76 -192
-109 252
328 278
-399 -162
176 -224
152 -395
-275 346
-71 194
27 -403
90 73
-322 477
-210 -90
46 437
54 263
-250 -241
299 254
369 239
439 -266
469 454
43 108
252 123
-161 -204
-155 -483
86 391
-187 193
43 30
437 125
37 322
-89 -60
-233 -383
-105 309
487 164
-422 488
81 237
-453 -401
-242 -294
-26 365
32 348
168 59
268 45
-273 -461
-220 487
186 196
-480 493
418 295
136 342
-68 -346
-398 400
179 133
488 284
289 482
-390 229
223 56
-172 -462
-341 110
-230 72
216 -367
-65 -316
201 351
470 348
-68 82
-284 225
92 81
255 -412
354 185
-422 485
438 166
39 90
201 425
310 251
-152 -302
412 235
126 410
305 -444
-212 -17
168 173
441 -487
240 367
35 469
-62 304
-424 448
223 -7
363 304
-264 234
386 446
178 81
239 7
-380 67
219 121
209 454
200 425
108 441
267 395
-122 498
57 378
-21 486
-169 122
-245 354
473 127
273 169
440 -278
41 -364
177 290
52 -450
163 -257
-382 -162
326 -256
-474 -290
-168 -387
-326 65
-481 61
266 354
13 281
-194 475
211 219
29 -227
420 -272
313 7
-99 -50
-120 82
-99 -258
339 -442
359 129
242 -77
97 57
-234 477
348 159
159 -234
413 -487
128 -480
29 -210
113 -191
170 285
-30 141
-384 -72
415 83
83 193
-115 24
391 181
460 272
-373 -17
-134 -26
434 485
-404 -345
44 264
363 220
12 -435
96 131
-200 -67
411 -414
186 238
-451 2
-207 470
155 -41
54 497
396 -416
90 -349
110 225
471 -351
218 25
-37 220
40 -479
-392 -317
158 -190
303 459
-267 74
35 -142
417 459
138 -34
244 54
19 -135
322 429
-127 235
159 -328
-320 161
328 -485
-13 -27
